85	159	121	134
64	132	114	132
77	128	98	134
114	155	113	136
96	112	108	168
105	164	142	135
184	85	110	164
188	141	109	141
115	122	126	143
270	105	125	150
69	127	133	177
251	94	127	157
83	94	128	138
53	102	118	98
226	146	139	137
122	127	127	147
38	100	115	128
206	112	149	143
65	175	109	186
110	159	119	127
139	103	140	150
116	53	110	165
232	109	123	138
177	122	117	152
62	109	117	131
110	84	120	136
116	113	117	163
61	116	123	158
122	114	130	142
165	88	107	145
113	156	121	152
85	140	123	157
356	74	121	143
144	83	128	153
177	109	122	137
123	99	106	152
126	146	129	137
179	125	100	135
74	165	119	136
73	132	122	136
102	139	98	145
228	99	110	133
108	62	120	178
81	107	121	140
152	133	91	150
28	124	107	129
105	141	125	136
170	118	126	135
133	222	153	276
52	115	110	122
134	132	112	114
627	107	119	186
151	113	128	119
143	138	121	141
72	105	124	138
109	105	131	136
160	101	120	134
68	135	124	139
201	69	122	116
36	130	107	152
72	81	124	125
105	128	112	131
106	92	106	137
134	115	115	149
54	65	111	136
110	100	121	135
68	151	114	154
132	128	141	131
129	108	106	149
134	118	136	138
225	124	129	143
106	100	130	137
198	101	98	139
186	69	116	177
133	159	101	120
184	154	117	121
220	101	121	133
338	69	101	162
121	91	118	134
101	111	124	160
38	115	117	145
59	119	97	137
404	94	117	156
31	97	105	149
89	117	107	124
112	105	109	131
160	106	105	152
354	102	102	165
53	104	130	147
52	85	119	109
237	123	114	140
96	132	116	140
211	92	113	161
112	164	112	154
153	149	128	158
117	103	115	152
270	115	115	143
243	149	113	152
130	82	120	166
105	78	115	118
116	74	123	151
489	104	96	145
68	105	96	148
148	100	121	159
99	65	125	127
127	171	115	122
80	107	116	142
152	252	123	184
98	216	117	138
224	120	105	145
145	145	108	139
190	86	111	143
219	67	123	185
29	136	140	152
65	113	102	130
139	88	122	136
54	74	102	168
48	34	120	210
70	114	94	133
122	108	135	149
183	89	118	135
315	159	110	152
215	83	128	161
231	27	102	134
154	72	96	135
70	157	117	142
212	97	102	142
111	109	140	116
38	48	122	117
140	62	104	156
363	114	111	166
184	76	106	160
68	71	124	126
162	69	105	148
117	126	119	119
227	4	111	145
10	154	106	135
310	75	115	128
203	85	116	135
151	32	126	163
180	114	124	148
322	104	110	135
104	104	109	127
261	112	117	106
40	108	119	145
83	110	99	147
212	88	127	124
117	76	113	153
70	104	129	125
174	95	111	132
140	118	98	144
106	118	117	134
249	61	119	140
73	35	119	124
180	196	114	141
186	143	113	179
96	80	121	160
28	115	117	143
44	89	118	135
60	111	135	135
142	189	118	138
210	193	107	157
161	105	111	156
251	112	123	124
252	84	143	139
64	88	119	149
139	68	115	131
100	138	122	120
55	156	132	148
235	90	94	130
367	94	119	196
48	54	109	202
214	69	102	135
169	150	118	145
243	26	115	114
154	97	123	151
228	79	106	147
144	104	130	164
111	161	109	131
102	284	157	233
483	332	116	142
102	66	135	201
116	134	107	172
223	97	97	148
130	100	119	157
148	26	126	123
92	70	117	139
125	48	117	158
88	57	121	130
205	208	116	191
72	89	109	155
362	71	93	120
72	133	108	172
205	89	110	126
161	93	122	122
52	100	144	157
263	185	105	142
22	71	108	155
16	13	145	125
130	122	104	161
284	137	109	159
63	93	95	129
17	87	137	134
60	67	101	162
89	28	103	131
268	82	99	153
150	109	105	130
82	55	113	135
265	88	122	120
411	177	117	200
283	132	113	145
254	91	122	131
124	112	113	138
126	172	109	139
137	120	108	154
185	96	116	156
143	72	117	129
136	84	109	138
76	115	126	114
176	155	107	164
145	133	80	140
118	123	114	134
74	241	112	142
40	76	125	125
187	78	129	136
55	111	144	129
72	147	110	148
252	124	118	154
202	92	99	122
106	108	122	126
129	85	124	152
155	49	115	151
278	103	125	158
106	44	95	155
316	77	100	129
228	110	87	129
39	73	100	142
63	136	118	137
97	126	113	158
114	113	99	137
87	144	105	133
206	136	120	154
112	53	113	120
267	125	123	156
100	78	124	119
113	50	108	104
26	122	112	136
33	98	101	149
29	59	115	113
119	29	95	135
136	58	115	162
164	87	120	92
193	80	114	178
103	110	112	192
130	115	122	181
69	56	120	146
270	241	119	241
263	27	119	177
105	25	109	142
102	124	138	169
13	64	95	158
64	96	143	137
58	74	98	158
20	68	95	131
157	103	146	149
23	75	114	142
178	132	132	160
54	95	136	136
31	25	110	118
112	32	127	124
106	26	113	129
70	104	115	136
43	81	100	136
58	78	131	136
127	178	113	173
108	117	93	141
139	126	118	159
180	93	118	151
135	99	98	163
184	103	119	153
-17	533	94	129
112	121	91	147
121	93	116	133
203	90	113	137
161	17	112	131
60	125	123	152
281	159	147	152
165	114	122	131
133	110	115	185
156	100	120	99
89	80	108	144
35	123	109	109
83	95	113	131
135	104	118	161
73	59	108	129
49	58	107	170
153	90	114	138
433	168	112	200
97	164	127	140
181	139	113	164
334	85	128	144
372	118	108	153
173	360	126	152
130	76	127	163
156	65	106	150
228	121	111	152
150	72	115	132
144	186	116	163
292	141	127	140
90	66	141	175
57	246	137	191
198	108	123	177
133	111	97	143
95	29	116	154
126	96	122	133
136	189	110	152
145	44	100	151
39	61	135	145
75	78	84	158
202	98	111	159
202	111	128	148
115	117	127	103
295	13	111	137
134	116	117	145
181	428	109	141
63	72	88	150
190	82	108	151
481	104	115	183
80	49	125	169
51	108	155	148
128	56	94	147
67	103	113	145
112	73	111	187
84	100	124	136
112	83	116	142
88	94	127	143
101	106	107	154
96	83	127	151
93	95	133	148
57	87	114	129
193	19	115	122
338	99	105	170
142	13	113	146
209	72	112	176
736	107	138	333
218	75	121	163
176	94	105	161
62	104	138	148
30	58	118	137
55	72	132	164
150	56	120	162
57	132	134	144
88	122	107	138
44	79	127	157
842	375	114	154
42	107	133	176
54	113	134	154
113	123	122	164
145	95	157	147
83	72	133	156
117	70	145	111
316	55	125	175
42	85	125	142
183	97	103	162
245	107	103	143
146	147	114	155
180	105	103	148
188	110	117	161
63	77	121	158
187	113	115	152
84	75	110	149
94	63	145	145
28	91	153	123
13	55	115	155
227	82	118	119
69	132	99	134
147	100	118	127
26	117	97	131
29	87	123	153
126	111	104	161
106	113	109	158
131	154	116	179
68	88	98	160
283	51	121	144
70	39	119	152
118	91	110	157
67	52	121	134
142	141	112	148
141	89	125	212
152	84	104	176
19	140	124	144
8	193	129	134
33	82	126	132
110	121	123	149
53	123	111	147
136	122	117	129
123	135	114	123
97	134	148	128
89	100	125	137
125	114	120	145
139	224	137	112
182	50	117	193
134	42	112	160
289	146	115	120
50	103	102	139
218	128	115	171
70	113	106	156
-6	61	94	150
284	94	128	135
5	98	126	135
212	119	106	141
19	116	136	148
228	112	129	142
72	89	120	165
150	110	102	141
143	96	128	128
70	77	127	155
156	148	112	139
137	89	123	137
79	59	110	134
185	144	140	101
81	108	107	136
195	62	94	230
84	68	89	157
205	112	107	113
130	101	107	145
122	67	140	152
100	87	106	127
18	315	88	148
124	42	107	126
129	146	118	186
208	75	110	163
206	212	110	138
25	98	108	131
128	53	107	166
89	66	119	133
167	78	113	144
91	89	120	127
218	93	112	146
87	73	110	136
80	108	106	126
197	181	100	137
191	72	119	150
222	67	109	189
70	109	109	104
119	98	114	123
2	86	134	148
32	187	118	201
122	133	123	158
97	86	107	140
203	117	119	152
35	89	122	126
71	101	124	124
54	59	110	159
185	95	98	135
197	93	132	195
110	139	95	156
300	68	115	160
87	110	112	121
419	55	121	147
151	68	119	154
127	70	113	134
39	98	117	130
51	70	108	130
147	94	114	134
203	135	108	159
126	63	119	159
63	21	116	130
150	86	102	148
42	131	127	146
3	123	119	111
245	99	124	136
165	48	111	191
242	58	110	173
113	40	106	159
81	77	116	144
209	166	109	133
112	103	110	145
142	4	115	167
138	57	81	146
37	55	123	183
239	250	122	153
65	629	102	151
82	103	122	174
32	312	122	138
139	98	116	133
15	56	118	136
316	80	97	137
143	102	117	164
121	29	91	162
138	93	128	146
52	46	125	141
77	82	107	145
81	81	104	163
145	119	127	141
240	110	90	154
232	138	108	167
10	193	114	147
116	55	101	121
92	38	122	146
115	55	118	156
135	185	115	215
86	98	84	124
70	127	129	152
106	88	113	136
128	4	104	160
81	98	107	152
154	145	89	171
209	92	113	159
81	109	102	137
180	120	115	136
46	89	123	168
133	47	107	175
95	73	115	131
86	75	96	95
130	80	120	138
69	56	108	137
99	349	118	118
88	100	123	152
136	123	118	138
79	89	131	139
48	106	128	160
58	37	95	160
89	52	90	120
94	87	123	132
48	68	125	125
103	131	107	139
137	92	98	161
96	84	101	159
94	98	122	161
97	82	114	147
141	92	110	128
313	138	124	140
179	31	93	160
75	79	112	169
50	51	136	176
313	98	116	159
64	161	115	144
20	91	88	138
281	85	120	136
144	95	116	135
275	35	128	185
100	108	150	119
160	74	118	104
286	85	114	140
124	216	105	141
105	61	105	136
445	151	165	292
171	102	142	187
96	84	118	155
179	77	108	123
117	123	137	161
63	91	105	151
87	119	112	120
303	135	109	143
43	94	114	163
75	127	118	123
48	38	107	125
296	93	112	157
129	110	115	152
100	93	118	140
234	16	107	149
96	148	128	148
53	139	124	214
108	65	107	137
353	123	136	152
109	97	120	163
332	168	116	163
78	91	135	110
97	105	124	146
291	116	143	161
291	114	95	156
132	54	122	158
49	100	116	135
172	95	115	138
216	117	127	159
75	98	117	140
88	65	111	141
288	68	111	120
268	40	107	130
86	82	121	135
452	111	105	202
126	91	106	122
138	160	129	113
204	105	119	148
240	9	119	103
45	72	111	165
61	528	115	160
77	31	134	154
231	90	121	137
159	112	123	151
169	93	95	142
155	68	157	140
168	50	105	166
75	102	145	117
75	95	113	129
169	164	112	153
140	211	116	138
180	201	127	135
186	77	108	162
47	67	105	114
410	101	109	134
47	501	107	165
75	84	118	120
92	60	142	136
109	78	117	130
104	152	110	121
55	529	110	154
184	118	132	156
230	44	134	143
156	117	146	144
184	126	107	183
24	111	142	117
129	63	109	120
54	502	113	153
96	94	85	144
31	508	141	175
108	58	126	164
100	714	125	224
517	212	108	168
13	-1	138	179
141	106	119	118
41	580	141	178
81	140	114	158
510	234	120	146
103	95	139	144
88	60	110	157
247	79	131	152
181	79	122	160
146	135	100	124
36	547	131	202
40	546	119	171
124	24	119	130
221	111	115	179
35	534	104	178
118	146	114	146
177	91	116	155
70	84	120	128
90	53	113	134
61	62	135	153
92	173	121	141
40	532	104	188
61	83	126	129
155	96	137	148
258	99	122	159
219	116	106	144
184	41	132	201
138	155	121	148
123	99	138	120
171	99	102	142
109	109	127	118
97	127	123	162
250	111	151	184
214	42	131	180
179	125	118	146
202	140	107	140
57	128	121	128
264	700	113	165
138	105	109	135
168	84	111	178
91	87	104	167
59	87	105	152
72	118	111	158
128	115	109	169
28	103	103	143
89	81	128	121
72	17	103	153
50	47	107	145
138	64	116	154
89	91	123	133
123	105	119	161
86	120	109	145
82	77	139	122
81	89	111	121
244	221	103	148
64	102	105	143
73	108	104	143
81	54	106	129
133	102	109	130
139	283	120	141
232	144	125	139
209	103	114	177
61	37	96	136
153	67	112	138
135	73	115	113
38	61	101	131
135	140	85	146
187	80	106	194
153	104	118	107
48	66	117	129
96	112	118	143
43	104	141	221
89	46	93	109
59	100	102	133
127	56	121	149
86	134	115	149
49	48	123	166
87	92	118	134
135	93	112	161
264	144	112	119
128	113	148	144
118	151	130	148
61	113	142	148
104	6	118	149
142	72	130	165
37	92	120	128
99	94	137	135
93	96	119	146
262	122	99	134
173	127	123	135
99	12	120	130
149	88	112	108
95	33	138	156
79	150	123	142
96	138	142	145
129	71	118	128
82	87	105	105
38	108	113	132
133	100	107	159
181	110	128	118
98	25	94	161
37	-3	134	163
78	115	112	150
231	84	162	265
-4	130	133	136
153	92	111	112
37	82	109	125
81	90	94	130
116	84	125	145
123	88	137	117
132	73	132	122
182	123	135	128
113	70	103	128
79	112	102	134
97	125	106	134
89	78	118	122
131	111	85	136
379	125	117	180
301	143	94	157
5	90	127	193
89	99	112	164
20	105	101	151
212	159	108	173
104	118	124	148
223	134	116	162
139	51	123	141
147	90	114	159
149	64	134	131
61	107	109	148
72	113	103	139
415	154	110	144
197	81	104	149
12	51	93	125
19	150	118	164
87	76	128	158
116	133	91	126
15	89	108	143
89	176	143	175
227	140	114	137
144	95	121	135
155	138	115	164
17	132	138	160
67	148	112	149
77	58	108	145
153	40	115	159
93	134	117	135
279	99	117	128
112	184	121	166
168	126	120	166
302	145	112	141
578	95	138	161
183	48	102	153
66	55	107	127
86	75	115	134
85	194	100	160
112	237	134	146
60	17	120	103
144	113	136	181
108	72	116	171
209	29	116	116
107	85	127	152
91	63	110	158
46	35	120	100
47	93	128	104
85	101	123	146
77	91	104	178
136	110	131	142
41	122	112	146
134	85	116	147
86	110	115	144
100	30	95	126
92	134	105	142
187	86	96	181
184	94	98	129
413	72	119	125
23	85	118	148
135	48	126	181
86	119	117	137
35	71	106	132
52	76	111	116
129	75	107	147
80	86	139	118
247	92	116	144
17	67	96	133
30	50	130	125
73	86	117	111
192	101	115	143
147	72	103	134
58	34	119	134
162	49	112	123
27	22	124	167
63	88	123	127
141	38	116	167
62	115	111	157
222	94	129	143
92	126	106	140
184	104	119	151
73	67	131	171
206	84	111	109
251	44	119	132
25	82	121	134
27	82	114	125
52	125	103	130
145	97	116	120
137	113	121	130
112	91	115	157
117	90	104	141
70	63	125	110
46	12	111	160
63	116	119	136
126	117	139	183
81	115	114	136
74	90	134	145
47	103	154	165
297	89	141	126
202	95	108	148
50	65	118	136
65	122	107	152
85	128	121	130
63	130	121	142
378	132	122	141
27	108	131	125
65	99	119	150
86	100	92	107
76	143	135	149
127	86	117	116
73	94	118	144
90	88	132	137
208	75	97	181
148	68	132	128
148	55	113	149
83	47	92	122
320	211	107	138
66	78	136	103
116	98	156	146
175	204	97	124
162	117	85	145
79	139	129	122
392	166	98	139
162	168	104	108
-1	54	102	121
248	98	91	147
227	102	121	124
76	4	135	154
320	111	143	149
190	81	97	182
172	41	122	142
96	92	118	137
148	68	117	139
8	-9	118	113
136	97	100	146
151	105	109	150
46	90	121	143
124	87	113	147
67	42	118	146
117	67	95	130
29	47	109	109
246	12	108	140
113	129	144	126
116	20	89	149
68	78	124	119
63	93	129	182
145	101	114	100
89	133	150	133
180	92	106	164
54	61	113	142
38	87	93	128
78	63	122	141
165	134	120	121
120	133	110	143
78	37	120	146
146	52	131	112
166	124	88	128
189	104	115	164
89	27	133	135
102	83	123	146
80	39	119	125
95	26	123	142
99	86	111	126
122	104	143	120
-13	64	100	128
161	41	122	118
190	104	112	144
54	31	110	141
46	45	112	128
101	27	104	140
41	76	104	110
97	61	126	142
45	49	147	122
174	130	117	175
130	131	108	144
188	30	120	141
143	11	140	134
151	123	129	138
240	76	109	142
161	31	94	155
135	41	144	154
131	47	121	144
177	50	130	156
344	169	125	159
215	86	135	115
183	85	128	174
40	2	126	102
4	15	125	146
203	72	117	135
173	49	128	113
191	27	116	154
145	60	98	156
54	126	92	138
34	37	120	130
163	97	109	151
24	98	126	151
31	85	112	118
83	97	118	160
64	15	108	140
49	68	136	91
209	48	144	154
115	110	117	153
85	130	125	136
110	74	118	156
161	113	125	149
33	68	134	148
250	93	133	134
68	77	142	131
36	34	96	137
457	123	120	149
66	109	119	127
66	121	118	130
32	21	91	87
181	77	99	138
154	70	141	158
462	174	144	156
117	26	113	116
70	77	137	166
67	60	119	158
108	92	111	143
47	103	116	133
27	51	131	109
42	36	105	151
-4	-3	93	109
8	21	99	131
120	76	119	159
42	79	129	128
176	47	104	124
124	115	99	140
110	132	112	124
113	102	102	137
84	108	135	176
78	180	133	104
96	83	110	133
82	38	134	112
81	99	129	155
35	12	118	143
134	178	144	157
17	43	151	182
117	68	145	125
69	23	113	127
244	62	107	158
106	10	109	146
129	25	123	142
91	86	130	133
220	107	109	155
109	64	147	142
126	21	84	161
80	150	121	105
192	99	131	164
227	135	128	157
96	49	104	119
119	35	124	184
71	146	111	140
143	69	150	158
95	66	114	136
256	54	110	137
113	94	107	130
190	90	99	134
9	50	124	111
288	141	117	129
45	118	115	126
105	87	116	124
165	101	125	132
86	131	126	125
74	118	107	141
65	87	140	130
14	90	103	141
10	35	114	142
73	3	128	123
32	11	123	147
78	60	134	102
195	98	114	117
38	120	85	123
116	110	120	103
78	155	120	144
102	49	110	141
116	37	99	155
33	95	90	130
243	63	130	140
12	44	139	132
206	58	132	105
166	47	123	165
142	74	114	150
42	36	72	117
225	99	96	142
75	24	110	116
179	163	136	131
68	53	115	107
141	124	125	124
60	42	119	111
46	24	88	125
96	72	114	154
101	66	140	122
52	119	94	139
43	49	105	170
125	16	124	173
260	139	116	148
23	78	90	132
66	48	119	148
89	76	86	176
61	83	102	135
204	73	135	141
122	24	97	194
124	70	103	180
47	61	116	148
193	100	114	135
40	114	107	138
35	79	117	163
80	55	107	146
36	57	108	173
56	26	99	161
111	153	135	124
172	42	90	142
28	73	107	135
57	71	117	138
31	108	129	159
186	66	123	127
58	32	110	131
349	112	117	140
138	105	109	142
141	131	114	144
75	100	124	151
83	11	135	117
198	86	109	155
242	130	124	147
21	12	108	132
84	4	135	170
111	112	141	163
86	87	124	130
259	83	107	138
120	107	146	158
37	69	123	140
141	72	106	147
113	96	109	124
55	114	98	141
71	144	136	112
79	38	103	162
89	130	113	124
153	89	142	110
119	102	136	142
59	76	103	165
129	86	100	148
145	124	111	173
119	65	117	146
190	134	133	173
104	174	114	163
291	112	114	144
202	90	122	133
164	257	125	143
54	49	105	136
172	79	107	145
116	106	110	138
36	57	113	107
173	111	115	128
116	53	113	147
167	97	109	142
40	47	112	156
83	68	117	176
169	106	124	145
175	139	105	160
32	47	103	165
105	106	113	129
48	99	138	134
71	136	89	126
280	222	122	142
106	56	143	189
123	63	89	107
84	105	109	128
40	97	106	128
51	111	126	132
95	121	149	175
124	91	128	153
123	41	127	133
257	63	103	145
143	115	94	162
44	75	126	143
37	42	110	143
324	42	118	140
47	45	123	140
22	84	113	153
21	86	128	136
42	173	131	142
10	128	158	154
191	91	115	167
108	85	132	92
8	30	117	127
43	81	139	129
14	25	149	136
50	67	125	163
-0	59	99	158
181	98	109	139
96	69	122	116
15	60	85	101
51	48	123	146
56	102	92	151
97	73	103	159
79	105	125	128
196	81	126	180
101	149	106	140
154	148	110	146
39	114	108	133
264	73	117	169
87	75	145	151
34	38	120	161
58	98	120	150
45	58	105	133
134	42	107	133
50	84	108	151
20	56	124	130
44	57	121	172
66	110	99	127
280	135	132	114
70	114	110	138
18	72	103	132
23	49	112	140
75	18	104	154
76	117	98	130
12	46	131	123
121	30	114	129
73	101	114	151
34	85	110	144
137	39	124	111
223	129	115	188
31	94	123	140
145	89	103	139
77	52	111	110
214	181	118	134
219	75	108	123
102	42	116	150
55	30	111	122
109	89	106	140
115	133	138	163
86	92	103	146
88	89	119	124
129	41	99	127
100	109	109	122
173	169	121	127
256	96	110	150
220	70	111	150
68	103	119	139
122	80	112	135
108	61	113	158
73	65	95	137
83	48	110	137
158	139	129	129
129	73	119	149
264	172	111	123
103	166	108	124
128	86	122	151
47	74	127	144
84	127	114	123
315	123	107	110
511	171	123	142
76	79	130	126
118	84	122	155
166	86	124	129
111	132	133	143
150	45	100	169
151	63	107	195
61	12	123	109
145	5	95	127
1	14	97	125
70	89	128	136
149	150	120	147
28	83	127	146
206	140	102	118
279	59	110	139
89	114	115	141
230	104	108	153
78	88	109	112
269	87	129	124
299	70	115	175
57	92	93	129
74	8	106	119
133	45	138	139
64	39	112	133
141	96	80	146
37	52	138	113
330	79	116	151
30	9	117	158
138	51	136	180
145	74	120	147
26	33	113	145
154	76	101	153
24	64	104	119
20	58	100	152
55	23	98	131
43	62	99	136
100	76	119	195
142	88	126	150
52	99	111	144
34	57	120	113
147	96	128	142
131	169	118	149
31	114	126	112
143	78	132	124
59	78	129	144
53	44	110	149
81	53	108	99
107	57	111	131
58	95	96	152
118	100	109	152
134	59	117	165
134	78	118	161
62	46	95	100
45	68	127	134
18	48	122	153
203	60	107	172
544	171	123	146
52	55	103	126
135	86	141	144
160	111	147	141
286	126	98	135
250	90	105	148
66	108	114	140
142	39	118	127
133	28	112	144
44	79	131	126
51	122	110	155
125	109	109	97
93	84	105	138
222	103	99	116
64	125	133	141
68	105	132	138
215	111	147	199
91	98	96	145
81	87	118	125
219	64	116	129
70	34	113	125
147	133	109	149
207	141	121	128
71	102	145	135
128	119	103	159
132	98	140	154
267	65	129	147
170	123	118	193
142	114	99	149
57	106	123	173
251	102	117	147
80	91	114	146
226	271	129	115
206	78	122	152
35	57	129	158
122	84	109	147
67	13	103	147
205	55	117	130
177	129	123	143
14	85	96	123
79	39	123	117
158	120	131	140
68	91	107	126
100	58	129	125
45	114	123	145
65	106	114	159
101	98	101	126
58	29	115	161
5	11	136	151
120	97	97	122
118	123	127	133
226	136	117	146
159	60	94	138
148	81	114	154
57	83	109	112
24	89	112	145
47	87	117	122
113	89	117	157
117	117	103	127
57	98	116	141
36	136	130	169
212	126	107	132
266	71	119	121
132	32	127	180
183	36	129	114
9	51	85	158
103	129	119	123
60	-1	125	137
93	109	113	161
46	31	85	139
272	136	99	144
156	81	112	148
99	75	138	130
69	125	135	137
179	94	121	153
81	138	120	147
63	70	139	163
296	117	89	130
74	122	126	124
152	203	81	107
57	109	118	148
83	113	119	143
-3	79	114	118
95	168	100	132
142	21	109	113
272	40	142	145
253	68	105	175
164	79	91	150
67	90	107	140
196	125	120	155
32	33	96	126
280	101	122	151
26	96	138	132
134	19	139	123
-6	5	97	98
203	145	107	158
27	69	116	161
64	-9	117	120
229	121	97	102
44	105	104	155
